10
10 13
0 1 1 1 1 0 0 0 1 0 1 0 1 
0 0 0 1 1 1 1 1 1 0 1 1 1 
1 1 1 1 1 1 0 1 1 1 1 1 1 
1 0 1 0 1 1 1 1 1 1 1 1 1 
1 0 0 0 1 1 1 1 0 0 1 1 1 
1 1 1 1 1 1 0 1 0 1 0 0 1 
1 1 1 1 1 1 1 1 1 1 1 1 1 
1 1 1 1 1 0 0 1 0 1 0 1 1 
1 1 0 1 1 1 1 1 1 1 1 1 1 
1 1 1 1 1 1 0 1 1 0 0 1 1 
12 11
0 1 1 1 1 0 1 0 1 1 1 
1 1 1 1 1 1 1 0 1 1 1 
0 1 1 1 1 0 1 1 1 1 1 
0 0 0 0 1 0 0 1 1 0 0 
1 1 0 1 1 1 1 0 1 1 1 
1 0 0 1 0 1 1 1 1 1 1 
0 1 1 1 1 1 1 1 1 1 1 
1 0 0 1 1 1 1 1 1 1 1 
1 0 0 1 1 0 1 1 1 1 1 
1 1 1 1 1 0 1 1 0 1 1 
1 1 1 1 1 1 1 0 1 1 1 
1 0 0 1 1 1 1 1 1 1 1 
11 14
1 0 1 1 1 1 1 1 1 1 1 1 1 1 
0 1 0 1 1 0 0 1 0 0 1 1 0 1 
1 1 1 1 1 1 1 1 0 1 1 1 1 1 
0 1 1 1 1 0 1 1 1 1 1 1 1 1 
1 1 1 0 0 1 1 1 0 1 1 1 0 1 
1 1 1 1 1 1 1 1 1 1 0 1 1 1 
1 0 1 1 1 1 1 1 1 0 1 1 1 1 
1 0 1 1 1 1 1 0 1 1 0 1 1 1 
1 0 1 1 1 1 0 1 1 1 1 1 1 1 
1 1 1 1 1 0 1 1 1 1 1 1 0 1 
1 1 1 1 1 1 1 1 1 1 1 1 1 1 
14 12
0 0 1 0 0 1 1 1 0 0 1 1 
1 1 1 1 1 1 1 1 1 1 1 1 
1 1 0 0 0 1 1 1 1 1 1 1 
1 1 0 1 1 1 0 1 0 0 1 1 
0 0 1 1 1 1 1 1 1 1 1 1 
0 1 1 1 1 1 0 1 1 0 0 1 
1 1 1 1 1 0 1 1 1 1 1 1 
1 1 1 1 1 1 0 1 0 1 1 0 
0 1 1 0 0 1 1 1 0 1 1 1 
1 0 1 1 1 1 1 1 1 1 1 1 
1 1 1 1 1 1 1 1 1 1 1 1 
1 0 1 1 1 1 0 0 1 1 0 1 
1 1 0 1 0 1 1 1 1 1 1 1 
1 0 1 1 1 1 1 1 1 1 1 0 
10 13
1 1 1 1 1 1 1 1 0 1 1 1 1 
1 1 0 1 1 1 1 1 0 1 1 1 0 
1 1 1 1 1 0 1 0 1 1 1 1 1 
1 1 0 1 1 1 0 1 1 1 1 1 1 
1 0 0 1 1 0 1 0 1 1 0 0 0 
1 1 1 0 1 0 0 1 0 1 1 1 0 
0 1 0 0 1 1 0 1 1 0 1 1 1 
1 1 1 1 1 1 1 1 1 1 1 1 1 
1 1 1 1 1 1 1 1 1 1 1 0 1 
1 1 0 0 1 1 1 1 0 1 1 0 1 
13 15
1 0 1 1 1 1 0 1 1 1 1 1 0 0 1 
1 1 1 1 0 1 1 0 1 1 1 1 1 1 0 
1 0 1 1 1 1 0 1 1 1 1 1 1 0 1 
1 1 0 1 1 0 1 1 1 1 1 1 0 1 1 
1 1 1 1 0 0 1 1 1 0 0 1 1 1 1 
1 1 1 1 1 0 1 0 1 1 1 1 1 1 1 
0 0 1 0 1 1 1 1 1 1 1 1 1 1 0 
1 0 1 1 0 1 1 1 1 1 1 0 1 1 1 
1 1 1 1 0 1 1 0 1 1 1 1 1 1 1 
1 1 1 1 0 0 1 0 1 0 1 0 0 1 1 
1 0 1 1 0 1 1 0 1 1 1 1 1 1 1 
1 1 1 1 1 0 1 1 1 1 1 1 1 0 0 
0 1 1 1 1 0 1 0 1 1 1 1 1 0 1 
11 10
1 1 1 1 1 1 1 1 1 1 
1 1 1 1 1 1 1 1 1 1 
1 0 1 0 0 1 0 1 1 1 
1 1 0 0 1 1 1 1 0 0 
1 1 1 1 1 1 1 1 1 1 
1 1 1 1 0 1 1 1 1 1 
0 0 1 0 1 1 0 1 1 1 
1 1 1 1 0 1 1 0 1 0 
1 1 1 0 1 1 1 0 0 1 
1 1 1 1 0 1 1 1 0 1 
1 1 1 0 0 1 0 1 0 1 
15 14
1 1 1 1 1 0 1 1 1 1 1 1 0 1 
1 1 1 1 1 0 1 0 0 1 1 1 1 1 
1 1 1 1 0 1 1 1 1 0 0 1 1 1 
1 1 1 1 1 1 1 1 1 1 1 1 1 1 
1 0 1 1 1 1 0 1 1 1 0 1 1 1 
0 1 1 1 1 0 1 1 1 0 1 1 1 0 
1 0 1 1 1 1 1 1 1 1 1 1 1 0 
1 0 0 1 0 1 0 0 1 1 1 1 1 1 
1 1 1 1 1 1 1 0 0 1 1 1 1 1 
1 1 1 1 1 1 0 1 1 1 0 1 1 1 
0 0 1 1 1 1 1 1 1 1 0 1 1 0 
1 0 1 0 1 1 0 0 0 1 1 1 1 1 
1 1 1 0 1 1 0 1 1 1 1 0 1 1 
1 1 1 0 1 1 1 1 1 1 0 1 1 1 
1 1 1 1 0 1 1 0 0 1 1 1 1 1 
15 15
1 1 1 1 1 1 1 1 1 1 1 1 1 1 
1 1 1 1 1 1 1 1 1 1 1 1 1 1 
1 1 1 1 1 1 1 1 1 1 1 1 1 1 
1 1 1 1 1 1 1 1 1 1 1 1 1 1 
1 1 1 1 1 1 1 1 1 1 1 1 1 1 
1 1 1 1 1 1 1 1 1 1 1 1 1 1 
1 1 1 1 1 1 1 1 1 1 1 1 1 1 
1 1 1 1 1 1 1 1 1 1 1 1 1 1 
1 1 1 1 1 1 1 1 1 1 1 1 1 1 
1 1 1 1 1 1 1 1 1 1 1 1 1 1 
1 1 1 1 1 1 1 1 1 1 1 1 1 1 
1 1 1 1 1 1 1 1 1 1 1 1 1 1 
1 1 1 1 1 1 1 1 1 1 1 1 1 1 
1 1 1 1 1 1 1 1 1 1 1 1 1 1 
1 1 1 1 1 1 1 1 1 1 1 1 1 1 
1 1
0
